~~~~~ *** BEGIN OF MULTI-STEP (STEP 0) SOLUTIONS *** ~~~~~
*** Solution number: 1, after 231 ms, search nodes: 32, fail: 2, propagate: 1401579, depth: 30, nogoods: 0, restarts: 0 ***
----------------------------------------
Proc: {0, 0, 1, 1, 2, 2, 2, 3, 3, 4, 4, 4, 4, 5, 5, 5, 6, 6, 6, 6, 6, 6, 6, 6, 6, 6, 6, 6, 6, 6, 6, 6}
proc mode: {0, 0, 0, 0, 0, 0, 0, 0}
ic mode: 0
Period: {397, 2025, 515, 7722}
Sys utilization: 671
ProcsUsed utilization: 767
sys power: 537000
sys power (only used parts): 537000
sys area: 80
sys area (only used parts): 70
sys cost: 80
sys cost (only used parts): 70
Next: 1 32 3 33 5 6 34 8 35 10 11 12 36 14 15 37 17 18 19 20 21 22 23 24 25 26 28 29 27 30 31 38 || 2 4 7 9 13 16 39 0 

TDMA slots: {1, 0, 1, 0, 1, 0, 0, 0}
Sending-order: {1, 2, 37, 38, 5, 6, 39, 40, 9, 10, 11, 12, 14, 41, 13, 16, 42, 18, 19, 20, 21, 22, 23, 24, 25, 26, 27, 28, 29, 30, 31, 32, 34, 35, 33, 36, 43, 3, 4, 7, 8, 15, 17, 44, 0}
Receiving-order: {37, 3, 38, 2, 5, 39, 7, 40, 11, 14, 42, 12, 41, 16, 15, 13, 10, 18, 24, 26, 28, 30, 23, 32, 19, 27, 20, 29, 21, 31, 22, 33, 34, 35, 25, 36, 43, 1, 4, 6, 8, 9, 17, 44, 0}
----------------------------------------
*** Solution number: 2, after 283 ms, search nodes: 44, fail: 4, propagate: 1763795, depth: 30, nogoods: 0, restarts: 0 ***
----------------------------------------
Proc: {0, 0, 1, 1, 2, 2, 2, 3, 3, 4, 4, 4, 4, 5, 5, 5, 6, 6, 6, 6, 6, 6, 6, 6, 6, 6, 6, 6, 6, 6, 6, 7}
proc mode: {0, 0, 0, 0, 0, 0, 0, 0}
ic mode: 0
Period: {397, 2025, 515, 7590}
Sys utilization: 673
ProcsUsed utilization: 673
sys power: 538700
sys power (only used parts): 538700
sys area: 80
sys area (only used parts): 80
sys cost: 80
sys cost (only used parts): 80
Next: 1 32 3 33 5 6 34 8 35 10 11 12 36 14 15 37 17 18 19 20 21 22 23 24 25 26 28 29 27 30 38 39 || 2 4 7 9 13 16 31 0 

TDMA slots: {1, 0, 1, 0, 1, 0, 1, 0}
Sending-order: {1, 2, 37, 38, 5, 6, 39, 40, 9, 10, 11, 12, 14, 41, 13, 16, 42, 18, 19, 20, 21, 22, 23, 24, 25, 26, 27, 28, 29, 30, 31, 32, 34, 35, 33, 36, 43, 3, 4, 7, 8, 15, 17, 44, 0}
Receiving-order: {37, 3, 38, 2, 5, 39, 7, 40, 11, 14, 42, 12, 41, 16, 15, 13, 10, 18, 24, 26, 28, 30, 23, 32, 19, 27, 20, 29, 21, 31, 22, 33, 34, 35, 25, 43, 44, 1, 4, 6, 8, 9, 17, 36, 0}
----------------------------------------
*** Solution number: 3, after 1139 ms, search nodes: 419, fail: 169, propagate: 8053653, depth: 35, nogoods: 0, restarts: 0 ***
----------------------------------------
Proc: {0, 0, 1, 1, 2, 2, 2, 3, 3, 4, 4, 4, 4, 5, 5, 5, 6, 6, 6, 6, 6, 6, 6, 6, 6, 6, 6, 6, 7, 6, 6, 6}
proc mode: {0, 0, 0, 0, 0, 0, 0, 0}
ic mode: 0
Period: {397, 2025, 515, 7470}
Sys utilization: 675
ProcsUsed utilization: 675
sys power: 540300
sys power (only used parts): 540300
sys area: 80
sys area (only used parts): 80
sys cost: 80
sys cost (only used parts): 80
Next: 1 32 3 33 5 6 34 8 35 10 11 12 36 14 15 37 17 18 19 20 21 22 23 24 25 26 27 29 39 30 31 38 || 2 4 7 9 13 16 28 0 

TDMA slots: {1, 0, 1, 0, 1, 0, 1, 1}
Sending-order: {1, 2, 37, 38, 5, 6, 39, 40, 9, 10, 11, 12, 14, 41, 13, 16, 42, 18, 19, 20, 21, 22, 23, 24, 25, 26, 27, 28, 29, 30, 31, 32, 33, 35, 44, 36, 43, 3, 4, 7, 8, 15, 17, 34, 0}
Receiving-order: {37, 3, 38, 2, 5, 39, 7, 40, 11, 14, 42, 12, 41, 16, 15, 13, 10, 18, 24, 26, 28, 30, 32, 44, 19, 27, 20, 29, 21, 31, 22, 33, 34, 35, 25, 36, 43, 1, 4, 6, 8, 9, 17, 23, 0}
----------------------------------------
*** Solution number: 4, after 1156 ms, search nodes: 419, fail: 169, propagate: 8053653, depth: 35, nogoods: 0, restarts: 0 ***
----------------------------------------
Proc: {0, 0, 1, 1, 2, 2, 2, 3, 3, 4, 4, 4, 4, 5, 5, 5, 6, 6, 6, 6, 6, 6, 6, 6, 6, 6, 6, 7, 6, 6, 6, 6}
proc mode: {0, 0, 0, 0, 0, 0, 0, 0}
ic mode: 0
Period: {397, 2025, 515, 7382}
Sys utilization: 677
ProcsUsed utilization: 677
sys power: 541600
sys power (only used parts): 541600
sys area: 80
sys area (only used parts): 80
sys cost: 80
sys cost (only used parts): 80
Next: 1 32 3 33 5 6 34 8 35 10 11 12 36 14 15 37 17 18 19 20 21 22 23 24 25 26 28 39 29 30 31 38 || 2 4 7 9 13 16 27 0 

TDMA slots: {1, 0, 1, 0, 1, 0, 1, 1}
Sending-order: {1, 2, 37, 38, 5, 6, 39, 40, 9, 10, 11, 12, 14, 41, 13, 16, 42, 18, 19, 20, 21, 22, 23, 24, 25, 26, 27, 28, 29, 30, 31, 32, 34, 44, 35, 36, 43, 3, 4, 7, 8, 15, 17, 33, 0}
Receiving-order: {37, 3, 38, 2, 5, 39, 7, 40, 11, 14, 42, 12, 41, 16, 15, 13, 10, 18, 24, 26, 28, 30, 23, 34, 19, 27, 20, 29, 21, 31, 22, 35, 44, 36, 25, 33, 43, 1, 4, 6, 8, 9, 17, 32, 0}
----------------------------------------
*** Solution number: 5, after 1156 ms, search nodes: 419, fail: 169, propagate: 8053653, depth: 35, nogoods: 0, restarts: 0 ***
----------------------------------------
Proc: {0, 0, 1, 1, 2, 2, 2, 3, 3, 4, 4, 4, 4, 5, 5, 5, 6, 6, 6, 6, 6, 6, 6, 6, 6, 6, 6, 6, 6, 6, 7, 7}
proc mode: {0, 0, 0, 0, 0, 0, 0, 0}
ic mode: 0
Period: {397, 2025, 515, 5066}
Sys utilization: 736
ProcsUsed utilization: 736
sys power: 589400
sys power (only used parts): 589400
sys area: 80
sys area (only used parts): 80
sys cost: 80
sys cost (only used parts): 80
Next: 1 32 3 33 5 6 34 8 35 10 11 12 36 14 15 37 17 18 19 20 21 22 23 24 25 26 28 29 27 38 31 39 || 2 4 7 9 13 16 30 0 

TDMA slots: {1, 0, 1, 0, 1, 0, 1, 0}
Sending-order: {1, 2, 37, 38, 5, 6, 39, 40, 9, 10, 11, 12, 14, 41, 13, 16, 42, 18, 19, 20, 21, 22, 23, 24, 25, 26, 27, 28, 29, 30, 31, 32, 34, 35, 33, 43, 44, 3, 4, 7, 8, 15, 17, 36, 0}
Receiving-order: {37, 3, 38, 2, 5, 39, 7, 40, 11, 14, 42, 12, 41, 16, 15, 13, 10, 18, 24, 26, 28, 30, 23, 32, 19, 27, 20, 29, 21, 31, 22, 33, 34, 35, 43, 36, 44, 1, 4, 6, 8, 9, 17, 25, 0}
----------------------------------------
*** Solution number: 6, after 1419 ms, search nodes: 563, fail: 230, propagate: 12151785, depth: 35, nogoods: 0, restarts: 0 ***
----------------------------------------
Proc: {0, 0, 1, 1, 2, 2, 2, 3, 3, 4, 4, 4, 4, 5, 5, 5, 6, 6, 6, 6, 6, 6, 6, 6, 6, 6, 6, 6, 6, 7, 7, 7}
proc mode: {0, 0, 0, 0, 0, 0, 0, 0}
ic mode: 0
Period: {397, 2025, 515, 4726}
Sys utilization: 750
ProcsUsed utilization: 750
sys power: 600300
sys power (only used parts): 600300
sys area: 80
sys area (only used parts): 80
sys cost: 80
sys cost (only used parts): 80
Next: 1 32 3 33 5 6 34 8 35 10 11 12 36 14 15 37 17 18 19 20 21 22 23 24 25 26 27 28 38 30 31 39 || 2 4 7 9 13 16 29 0 

TDMA slots: {1, 0, 1, 0, 1, 0, 1, 0}
Sending-order: {1, 2, 37, 38, 5, 6, 39, 40, 9, 10, 11, 12, 14, 41, 13, 16, 42, 18, 19, 20, 21, 22, 23, 24, 25, 26, 27, 28, 29, 30, 31, 32, 33, 34, 43, 36, 44, 3, 4, 7, 8, 15, 17, 35, 0}
Receiving-order: {37, 3, 38, 2, 5, 39, 7, 40, 11, 14, 42, 12, 41, 16, 15, 13, 10, 18, 24, 26, 28, 30, 32, 43, 19, 27, 20, 29, 21, 31, 22, 33, 23, 36, 35, 25, 44, 1, 4, 6, 8, 9, 17, 34, 0}
----------------------------------------
*** Solution number: 7, after 1518 ms, search nodes: 632, fail: 254, propagate: 13371319, depth: 35, nogoods: 0, restarts: 0 ***
----------------------------------------
Proc: {0, 0, 1, 1, 2, 2, 2, 3, 3, 4, 4, 4, 4, 5, 5, 5, 6, 6, 6, 6, 6, 6, 6, 6, 6, 6, 6, 6, 7, 7, 7, 7}
proc mode: {0, 0, 0, 0, 0, 0, 0, 0}
ic mode: 0
Period: {397, 2025, 515, 4474}
Sys utilization: 761
ProcsUsed utilization: 761
sys power: 609500
sys power (only used parts): 609500
sys area: 80
sys area (only used parts): 80
sys cost: 80
sys cost (only used parts): 80
Next: 1 32 3 33 5 6 34 8 35 10 11 12 36 14 15 37 17 18 19 20 21 22 23 24 26 27 25 38 29 30 31 39 || 2 4 7 9 13 16 28 0 

TDMA slots: {1, 0, 1, 0, 1, 0, 1, 0}
Sending-order: {1, 2, 37, 38, 5, 6, 39, 40, 9, 10, 11, 12, 14, 41, 13, 16, 42, 18, 19, 20, 21, 22, 23, 24, 25, 26, 27, 28, 29, 30, 32, 33, 31, 43, 35, 36, 44, 3, 4, 7, 8, 15, 17, 34, 0}
Receiving-order: {37, 3, 38, 2, 5, 39, 7, 40, 11, 14, 42, 12, 41, 16, 15, 13, 10, 18, 24, 26, 28, 22, 30, 34, 19, 27, 20, 29, 21, 31, 32, 33, 43, 36, 35, 25, 44, 1, 4, 6, 8, 9, 17, 23, 0}
----------------------------------------
*** Solution number: 8, after 1528 ms, search nodes: 632, fail: 254, propagate: 13371319, depth: 35, nogoods: 0, restarts: 0 ***
----------------------------------------
Proc: {0, 0, 1, 1, 2, 2, 2, 3, 3, 4, 4, 4, 4, 5, 5, 5, 6, 6, 6, 6, 6, 6, 6, 6, 6, 6, 6, 7, 6, 7, 7, 7}
proc mode: {0, 0, 0, 0, 0, 0, 0, 0}
ic mode: 0
Period: {397, 2025, 515, 4386}
Sys utilization: 766
ProcsUsed utilization: 766
sys power: 613000
sys power (only used parts): 613000
sys area: 80
sys area (only used parts): 80
sys cost: 80
sys cost (only used parts): 80
Next: 1 32 3 33 5 6 34 8 35 10 11 12 36 14 15 37 17 18 19 20 21 22 23 24 25 26 28 29 38 30 31 39 || 2 4 7 9 13 16 27 0 

TDMA slots: {1, 0, 1, 0, 1, 0, 1, 0}
Sending-order: {1, 2, 37, 38, 5, 6, 39, 40, 9, 10, 11, 12, 14, 41, 13, 16, 42, 18, 19, 20, 21, 22, 23, 24, 25, 26, 27, 28, 29, 30, 31, 32, 34, 35, 43, 36, 44, 3, 4, 7, 8, 15, 17, 33, 0}
Receiving-order: {37, 3, 38, 2, 5, 39, 7, 40, 11, 14, 42, 12, 41, 16, 15, 13, 10, 18, 24, 26, 28, 30, 23, 43, 19, 27, 20, 29, 21, 31, 22, 36, 34, 35, 33, 25, 44, 1, 4, 6, 8, 9, 17, 32, 0}
----------------------------------------
*** Solution number: 9, after 1604 ms, search nodes: 625, fail: 244, propagate: 12732253, depth: 35, nogoods: 0, restarts: 0 ***
----------------------------------------
Proc: {0, 0, 1, 1, 2, 2, 2, 3, 3, 4, 4, 4, 4, 5, 5, 5, 6, 6, 6, 6, 6, 6, 6, 6, 6, 6, 6, 7, 7, 7, 7, 7}
proc mode: {0, 0, 0, 0, 0, 0, 0, 0}
ic mode: 0
Period: {397, 2025, 515, 4134}
Sys utilization: 779
ProcsUsed utilization: 779
sys power: 623700
sys power (only used parts): 623700
sys area: 80
sys area (only used parts): 80
sys cost: 80
sys cost (only used parts): 80
Next: 1 32 3 33 5 6 34 8 35 10 11 12 36 14 15 37 17 18 19 20 21 22 23 24 25 26 38 29 27 30 31 39 || 2 4 7 9 13 16 28 0 

TDMA slots: {1, 0, 1, 0, 1, 0, 1, 0}
Sending-order: {1, 2, 37, 38, 5, 6, 39, 40, 9, 10, 11, 12, 14, 41, 13, 16, 42, 18, 19, 20, 21, 22, 23, 24, 25, 26, 27, 28, 29, 30, 31, 32, 43, 35, 33, 36, 44, 3, 4, 7, 8, 15, 17, 34, 0}
Receiving-order: {37, 3, 38, 2, 5, 39, 7, 40, 11, 14, 42, 12, 41, 16, 15, 13, 10, 18, 24, 26, 28, 30, 43, 32, 19, 27, 20, 29, 21, 31, 22, 36, 34, 35, 33, 25, 44, 1, 4, 6, 8, 9, 17, 23, 0}
----------------------------------------
*** Solution number: 10, after 1656 ms, search nodes: 473, fail: 197, propagate: 9523096, depth: 35, nogoods: 0, restarts: 0 ***
----------------------------------------
Proc: {0, 0, 1, 1, 2, 2, 2, 3, 3, 4, 4, 4, 4, 5, 5, 5, 6, 6, 6, 6, 6, 6, 6, 6, 6, 6, 7, 7, 7, 7, 7, 7}
proc mode: {0, 0, 0, 0, 0, 0, 0, 0}
ic mode: 0
Period: {397, 2025, 515, 3882}
Sys utilization: 794
ProcsUsed utilization: 794
sys power: 635900
sys power (only used parts): 635900
sys area: 80
sys area (only used parts): 80
sys cost: 80
sys cost (only used parts): 80
Next: 1 32 3 33 5 6 34 8 35 10 11 12 36 14 15 37 17 18 19 20 21 22 24 25 23 38 28 29 27 30 31 39 || 2 4 7 9 13 16 26 0 

TDMA slots: {1, 0, 1, 0, 1, 0, 1, 0}
Sending-order: {1, 2, 37, 38, 5, 6, 39, 40, 9, 10, 11, 12, 14, 41, 13, 16, 42, 18, 19, 20, 21, 22, 23, 24, 25, 26, 27, 28, 30, 31, 29, 43, 34, 35, 33, 36, 44, 3, 4, 7, 8, 15, 17, 32, 0}
Receiving-order: {37, 3, 38, 2, 5, 39, 7, 40, 11, 14, 42, 12, 41, 16, 15, 13, 10, 18, 24, 26, 21, 28, 23, 32, 19, 27, 20, 29, 30, 31, 43, 36, 34, 35, 33, 25, 44, 1, 4, 6, 8, 9, 17, 22, 0}
----------------------------------------
===== search ended after: 52 s (52972 ms) (with 10 incremental timer reset(s).) =====
10 solutions found
search nodes: 4456, fail: 2228, propagate: 180584690, depth: 22, nogoods: 0, restarts: 0 ***

~~~~~ *** END OF MULTI-STEP (STEP 0) SOLUTIONS *** ~~~~~
